741335;511;368;5149;;1;True;Pécs
747718;296;263;4445;;1;False;Kelenföld
859090;367;250;1275;;3;True;Szeged
408429;329;578;4551;;3;False;Szeged
184314;481;347;2858;;1;True;Vác
642208;121;70;2942;;2;True;Győr
344407;365;141;3666;;2;True;Pécs
136490;302;322;2049;;1;True;Bp.Keleti
314856;524;403;1866;;3;False;Debrecen
780888;459;14;2648;;1;False;Pécs
733206;168;93;3384;;2;True;BP.Nyugati
190309;248;463;3444;;2;True;Sopron
607861;523;51;377;;3;True;Bp.Keleti
416059;450;514;1824;;2;True;Sopron
616810;495;131;3283;;2;True;Tatabánya
623356;464;322;2259;;2;False;Miskolc
372579;400;149;283;;1;True;Szeged
593010;413;121;2797;;3;True;Debrecen
829927;155;564;1759;;3;True;Tatabánya
358471;121;135;4335;;1;True;Debrecen
544795;484;87;767;;2;True;Vác
615371;523;138;3066;;1;False;Kelenföld
966382;449;461;5480;;1;False;Miskolc
240246;531;487;3881;;2;True;BP.Nyugati
453815;547;64;5049;;3;False;Miskolc
413117;401;57;1055;;1;True;Szeged
382235;313;487;3679;;3;True;Tatabánya
871689;544;266;2429;;2;False;Pécs
511762;269;424;669;;3;True;BP.Nyugati
272766;127;247;4142;;1;True;Vác
557966;388;17;4888;;1;False;Sopron
848240;219;533;797;;1;False;Tatabánya
73456;398;78;4553;;2;True;Bp.Keleti
102544;203;537;1352;;1;False;Sopron
424196;406;277;3942;;2;False;Debrecen
817678;135;391;5403;;3;False;Sopron
657130;405;406;4322;;3;False;Kelenföld
719470;531;462;2382;;3;True;Debrecen
60098;525;292;4394;;1;True;Sopron
480649;491;541;831;;2;True;Miskolc
621054;356;83;3612;;2;True;Miskolc
701224;205;516;1008;;2;True;Bp.Keleti
224215;327;385;988;;3;True;Debrecen
356120;162;443;1717;;3;False;Tatabánya
414646;468;213;4111;;2;False;Tatabánya
892743;375;10;5196;;1;False;Sopron
780892;377;43;3222;;2;False;Vác
100301;256;440;1301;;3;True;Vác
940149;534;40;573;;3;False;Kelenföld
166056;181;353;5020;;1;False;Szeged
705324;419;330;3679;;2;True;Szeged
145147;535;456;3338;;3;False;BP.Nyugati
198017;161;397;3036;;2;True;Sopron
114529;300;91;2508;;2;False;Kelenföld
63529;224;425;3734;;2;False;BP.Nyugati
846850;517;308;4443;;1;True;Szeged
409853;260;301;1634;;3;True;Győr
590412;435;238;5196;;1;False;Szeged
766584;311;73;3550;;3;True;Kelenföld
998515;171;11;2401;;2;False;Tatabánya
672618;524;31;2440;;2;False;Vác
500304;104;247;3675;;1;True;Sopron
771483;531;182;5421;;1;False;Debrecen
694736;152;376;5140;;1;False;Miskolc
945360;133;533;360;;1;True;Kelenföld
974403;261;66;5082;;2;False;Kelenföld
116147;542;492;4820;;1;True;Tatabánya
930049;474;362;5078;;1;False;Debrecen
888623;411;566;3787;;2;False;Vác
605127;486;147;1193;;3;True;Szeged
622631;118;206;4598;;3;False;Sopron
822714;365;318;1561;;1;False;Pécs
592425;496;291;4971;;1;True;Szeged
151607;389;295;4162;;2;True;Miskolc
223684;153;13;4326;;3;False;Győr
941557;498;294;3910;;3;True;BP.Nyugati
807074;186;345;592;;1;True;BP.Nyugati
95786;145;568;4901;;2;True;Szeged
573659;500;254;4622;;2;False;Sopron
663505;425;567;1356;;1;False;Miskolc
294619;146;72;2114;;3;True;Tatabánya
243452;143;461;2446;;3;False;Győr
460180;286;484;4093;;1;True;Pécs
126910;250;399;4656;;1;False;Kelenföld
888369;265;512;3960;;1;False;Miskolc
272004;493;510;5424;;1;False;Miskolc
250951;495;27;2972;;3;False;Vác
236055;537;257;5081;;3;False;Pécs
831415;227;48;5001;;2;False;Kelenföld
112831;351;474;5246;;1;False;Szeged
586923;207;170;602;;2;False;Debrecen
568042;197;182;1928;;3;False;Kelenföld
292448;268;10;2196;;3;True;Tatabánya
97394;468;240;3082;;2;False;Pécs
150256;197;72;2792;;3;True;Kelenföld
6782;477;358;2617;;3;False;Győr
124177;543;262;957;;2;True;Miskolc
808578;213;224;2794;;1;True;Szeged
134672;473;427;3789;;1;False;Bp.Keleti
766551;241;312;1747;;2;True;Kelenföld
720807;322;367;5164;;3;False;Kelenföld
810135;546;217;350;;1;False;Győr
142687;383;192;2478;;2;True;Kelenföld
541196;244;556;4631;;1;True;BP.Nyugati
812699;294;56;3057;;1;False;Pécs
97412;502;100;4524;;2;False;BP.Nyugati
197840;321;345;4963;;2;False;Vác
37732;485;339;2649;;3;False;Vác
511134;219;591;1498;;1;False;Kelenföld
480110;191;376;4787;;2;True;Pécs
275102;460;368;2485;;3;False;Sopron
727879;224;286;1842;;1;False;Kelenföld
973370;440;97;3964;;3;True;BP.Nyugati
274085;511;336;3327;;2;True;Miskolc
549177;371;43;3828;;3;True;Vác
386169;480;545;3556;;3;False;Bp.Keleti
765523;494;208;544;;1;False;BP.Nyugati
392768;465;295;2394;;3;True;Pécs
345579;530;16;1325;;3;False;Tatabánya
697884;382;64;1642;;1;False;Szeged
118564;178;193;1587;;1;False;Miskolc
357113;467;592;2520;;2;False;Miskolc
243777;386;443;1919;;3;True;Tatabánya
499717;161;155;3690;;3;False;BP.Nyugati
953727;522;428;3798;;1;True;BP.Nyugati
928292;132;380;2815;;2;True;Vác
576262;527;137;1087;;2;False;Sopron
669136;517;438;5321;;2;False;Sopron
9441;155;332;677;;1;True;Kelenföld
763382;496;40;513;;1;True;Sopron
175862;448;429;3796;;1;False;Vác
296133;503;418;407;;1;False;Debrecen
376301;375;452;4758;;3;True;Szeged
671022;456;281;4428;;3;False;Szeged
318819;141;354;3289;;3;True;Tatabánya
234229;249;436;1199;;1;True;Szeged
298327;430;116;5461;;1;True;Kelenföld
52632;338;305;1122;;2;False;Sopron
942855;355;292;3632;;2;False;Kelenföld
204903;135;204;1183;;3;True;Debrecen
452420;277;308;4809;;1;True;Debrecen
652357;383;371;3595;;1;False;Sopron
197111;414;435;3409;;1;True;Vác
261695;333;326;3245;;3;False;Vác
45447;127;413;1188;;2;False;Debrecen
276006;349;304;967;;1;True;BP.Nyugati
574766;224;492;1071;;3;False;Vác
505579;123;471;811;;2;True;Szeged
38641;117;537;2955;;1;False;BP.Nyugati
891612;545;377;3104;;3;False;Tatabánya
520416;439;564;2640;;3;False;Kelenföld
163705;309;296;714;;2;False;Miskolc
49890;108;169;1608;;3;True;Sopron
40243;404;174;2825;;2;False;Vác
789897;230;184;333;;3;False;Debrecen
321967;175;535;848;;2;False;Pécs
964204;313;193;2721;;3;True;Győr
850814;430;316;3482;;2;True;Tatabánya
687537;372;215;5091;;3;False;BP.Nyugati
573354;240;261;4204;;1;True;Tatabánya
424582;174;329;4065;;1;False;Vác
88696;500;456;1474;;1;True;BP.Nyugati
793794;167;26;5010;;1;False;Győr
651389;208;199;3221;;1;False;Győr
572771;259;386;290;;1;False;Miskolc
924307;354;90;4213;;2;True;Miskolc
973312;354;287;3456;;1;False;Vác
461534;294;269;1485;;1;False;Kelenföld
107225;209;333;3002;;2;True;Debrecen
82108;481;38;2342;;1;False;Pécs
49162;101;167;1639;;3;True;Kelenföld
395860;400;306;1217;;3;True;Debrecen
100095;319;517;898;;1;False;Kelenföld
318680;217;378;3496;;2;False;BP.Nyugati
894789;191;214;4155;;3;True;Bp.Keleti
777423;393;38;804;;3;False;BP.Nyugati
65188;158;560;3371;;1;True;Pécs
848402;342;192;4959;;2;True;Vác
561568;302;296;3262;;2;False;Bp.Keleti
455523;406;239;2962;;3;True;Sopron
398408;111;468;3251;;1;False;Győr
612090;163;407;1519;;1;True;Debrecen
698398;487;518;326;;2;True;Szeged
295151;446;472;2228;;1;False;Győr
447681;324;559;1204;;1;True;Szeged
190093;258;182;4017;;2;True;Győr
228410;472;83;391;;3;False;Győr
29966;120;360;3392;;2;False;Miskolc
420057;164;175;5451;;3;False;Bp.Keleti
810100;526;110;3947;;1;False;Győr
479146;349;312;1444;;2;True;BP.Nyugati
102476;255;298;2856;;2;False;Debrecen
829134;278;523;2945;;1;True;Pécs
155848;325;123;313;;2;True;Bp.Keleti
489577;181;327;1824;;3;True;Vác
345879;169;551;1438;;1;True;Debrecen
42119;434;168;2092;;2;True;Tatabánya
297056;194;176;569;;2;False;Pécs
945992;116;252;1894;;3;True;Pécs
328980;310;447;4231;;1;True;Debrecen
516761;497;275;4400;;1;False;Miskolc
84126;516;549;4999;;2;False;Győr
38235;280;537;4113;;1;False;Miskolc
553588;191;443;677;;1;False;Tatabánya
467791;369;543;3959;;1;False;Szeged
949104;512;287;3711;;1;False;Pécs
570395;170;69;5007;;3;False;Bp.Keleti
542827;462;396;5258;;1;False;Debrecen
629872;258;54;3429;;2;True;Miskolc
470605;225;318;2640;;1;False;Pécs
550637;477;435;1046;;1;True;BP.Nyugati
99292;153;132;1685;;3;False;Pécs
598801;499;143;2428;;2;False;Sopron
838022;542;193;1298;;3;True;Győr
295693;339;524;1329;;2;True;BP.Nyugati
1960;497;563;2632;;1;True;Bp.Keleti
766071;186;459;1638;;3;True;Miskolc
345501;408;521;762;;2;True;Sopron
130136;255;260;4948;;2;False;Vác
994290;255;154;3878;;3;True;Pécs
160322;113;316;2845;;1;False;BP.Nyugati
822145;308;371;4150;;1;True;Miskolc
909462;428;372;4071;;3;False;Vác
623797;342;296;2898;;2;False;BP.Nyugati
514745;308;531;1963;;1;True;Kelenföld
533873;527;316;4467;;2;False;Győr
9583;444;521;1384;;3;True;Szeged
769986;122;470;4458;;1;True;Vác
732917;223;469;2925;;3;False;Vác
272204;224;76;4687;;2;False;Szeged
273585;159;483;2690;;1;False;Szeged
7978;422;579;1814;;1;False;Miskolc
67245;520;401;1476;;1;False;Kelenföld
641447;222;27;3084;;1;True;Tatabánya
672701;305;485;1186;;3;False;Szeged
287913;130;586;3085;;3;False;Szeged
228918;290;437;370;;3;False;Kelenföld
978988;320;13;4931;;3;True;Szeged
189173;101;323;1113;;2;True;Pécs
41137;550;412;2601;;1;False;Vác
66361;365;152;3808;;3;True;Tatabánya
240020;410;90;3357;;2;False;BP.Nyugati
73155;326;306;5127;;1;True;Miskolc
550631;324;251;1058;;2;True;Győr
723981;445;398;3065;;1;True;Bp.Keleti
367646;303;145;1000;;2;True;Tatabánya
394780;195;111;1348;;3;True;Vác
63996;447;163;4584;;3;False;Tatabánya
857004;425;421;2342;;1;True;BP.Nyugati
339535;171;53;3225;;3;False;Kelenföld
111892;296;85;2550;;1;True;Tatabánya
26043;203;83;3317;;3;False;Bp.Keleti
854324;463;274;3773;;3;False;BP.Nyugati
939508;428;205;1133;;2;False;Kelenföld
947544;140;218;3408;;3;False;BP.Nyugati
805343;284;448;2790;;1;True;Szeged
606668;119;17;3190;;1;False;Kelenföld
50293;272;490;2868;;1;True;Győr
777840;548;16;3762;;3;False;Sopron
559929;256;211;1318;;3;False;BP.Nyugati
137913;546;126;1512;;3;True;Bp.Keleti
727021;468;247;2368;;3;True;Szeged
508395;532;418;1383;;2;False;Miskolc
728264;332;418;372;;2;False;BP.Nyugati
117651;333;347;5273;;2;True;Kelenföld
821788;239;320;1493;;2;True;Kelenföld
105570;150;88;2116;;3;True;Sopron
173926;104;145;3193;;3;False;Debrecen
436474;334;48;4156;;2;False;Pécs
777388;366;381;4230;;1;False;BP.Nyugati
426369;326;145;3391;;1;False;Kelenföld
608229;471;530;5249;;1;True;Bp.Keleti
569971;466;247;420;;1;True;Tatabánya
751542;306;356;3243;;2;False;Bp.Keleti
562689;345;536;5086;;3;False;Debrecen
280713;309;392;4782;;1;False;Győr
471571;247;180;258;;1;True;Győr
488602;361;253;1780;;3;False;Szeged
442122;342;137;3120;;3;True;Tatabánya
297074;266;117;624;;2;False;Tatabánya
282219;380;246;3296;;1;True;Bp.Keleti
276250;450;36;3820;;2;False;Szeged
463054;505;442;342;;2;False;Sopron
519286;207;142;5271;;1;False;Debrecen
443410;186;13;1695;;1;True;Tatabánya
705159;296;350;2548;;1;True;Pécs
32581;111;29;1063;;1;True;Sopron
476737;330;270;401;;2;True;Debrecen
88012;367;288;523;;2;False;Pécs
803509;424;457;384;;3;True;Győr
408373;316;506;2866;;3;False;Sopron
679753;147;585;3389;;2;False;Sopron
217503;263;387;866;;2;True;Vác
919507;166;112;1597;;2;False;Sopron
355200;309;213;3629;;2;True;Kelenföld
289838;439;385;3659;;2;False;Vác
729617;444;329;3552;;3;False;BP.Nyugati
741400;546;309;3320;;3;True;Debrecen
969414;529;587;430;;3;False;Sopron
309634;462;141;2350;;1;False;Sopron